1420934851
1527897354
451047459
373966220
764136300
1882439148
864226981
2091789085
2047341111
979390674
438605144
1278049202
1148767561
1124400907
1215401037
1675816868
1264005549
2001382426
480599583
783726179
611020523
348974228
1588590212
1709881928
1122061331
1994492117
1859786136
1017224638
127113067
2134410718
628703267
746941572
1111055802
1399506525
1525084427
446832842
1571322971
499930103
136247386
348921093
1316813176
580051673
1603555304
311973057
1162107703
1029585565
33407781
402966982
1840922101
2040687213
1933160897
327110569
465258698
90780912
1382836138
465882183
696758047
866730861
1289249449
377768358
2097091371
1055425536
574448373
1912191077
2117514444
1219157565
1095074650
1894983526
401277136
1463761110
1565004838
